02130422804
081210134823
081213128113
081214947508
081214968971
081215798811
081216221775
081216318350
081217608490
081218113613
081219496485
081219550857
081221579899
081221976511
081222483287
081222691989
081222955739
081227312871
081228256813
081232078288
081232218510
081236736800
081240132710
081242493628
081242947201
081243240735
081243388549
081244068073
081244186501
08124470221
081245760990
081245987487
081247070172
081247076566
081247499278
081248046147
081248142424
081249341161
081250404690
081251100243
081253983707
081254984974
081256446445
081256549148
081256549203
081258545824
081258753315
081259022743
081259500715
081259500728
081259500872
081259624502
081259624575
081259713147
081260217971
081266816078
081267719305
081268844251
081270684891
081270938418
081271191304
081271337343
081271509262
081271797719
081271892958
081272210774
081272320616
081272405833
081273056941
081273276675
081273324509
08127380391
08127382395
081273942137
081273942618
081274284406
081274745579
081277770326
081278381431
081278428601
081278444483
081278483669
08127913929
081279555804
081279572475
081279664793
081282386061
081282388488
081283333463
08128475364
081285015843
081285015845
081285146462
081285539295
081285550385
081286001337
081286616893
081288180448
081288454887
08128888152
081289730000
081289948116
081291325330
081294358801
081296520528
081297145560
081297358085
081298620122
081299179692
081310009858
081311121966
0813135961732
081313966137
081321115502
081324894343
081327556261
081329453316
081332188530
081332285079
08133361202
081333835584
081334256326
081335555597
081340247500
081341584740
081343091669
081343091699
081343947680
081344473957
081345052876
081346704038
081352619935
081354303921
081355255781
081355403664
081356650199
081361069971
081366104924
081366213021
081366751338
081368625078
081369161865
081369690963
081369693568
081370784644
081370932736
081373408142
081373408143
081373887267
081373887455
081373910148
081377636905
081377637374
081377771761
081377773818
081379211750
081379221185
08137944471
081379444715
081379902335
081381045806
081381909846
081382616177
081383884531
081394038695
081394082039
081413555344
081511115331
081532604412
081533747944
081536732305
081574465202
0816337969
0816382337
0816417944
08170090217
081770744869
081803385961
081807115347
081807244957
081808045700
081808111506
081818958066
0818223687
0818226201
0818435089
081880888089
0818919461
081908332685
081910516001
081913605436
081917476122
081917476134
081917708834
081917973067
081919862000
081927070467
081927610585
081927614742
081927652405
081927670118
081927689772
081927689796
081929495070
081929495071
081929495072
081929495073
081929495074
081929495075
081929495076
081929495090
081930201084
081930502437
081930645001
081930872916
081930872933
081930872934
081930872935
081930872950
081930872954
081930872956
081930875787
081930900727
081930902437
081930903177
081930903806
081930903834
081930903838
081930903853
081930903855
081930905932
081934572497
081934983079
081936272461
081938711089
081943788105
081949621462
081953100931
081958055327
081958154305
081958154321
081958158154
081958187789
081958218370
081958872524
081958875294
081958935625
081977310802
0819889995
081992418225
081992419738
081992419741
081992419759
081992582757
081992583221
081994863309
081994883572
081994883681
081994904342
081994904351
081998014673
081998334687
081998405357
082110014398
082112282322
082113516544
082113518733
082116715460
082120401557
082125508823
082133333667
082136414650
082140229999
082143532170
082143610048
082146761784
082150649621
082151166299
082151304529
082154070923
082157028441
082161390090
082165974971
082166390334
082175665382
082175733578
082175751115
082175882325
082175988026
082176218069
082176927252
082176929948
082177199081
082177713335
082177752711
082177775741
082177779399
082178303409
082178554872
082178702621
082178918951
082179359593
082180087586
082182988161
082183125440
082186244111
082186333336
082186940054
082187069286
082187359184
082187664020
082188713169
082188794647
082189859292
082189938236
082190539675
082190630447
082190634430
082190672986
082190726854
082191323309
082191387814
082191626572
082191854456
082192308846
082192998806
082193947112
082194669986
082195586885
082198039677
082220002222
082221066669
082221811360
082225555781
082225932929
082226666156
082228857492
082233322289
082246135496
082247657898
082253041634
082253041643
082255536359
082258842063
082258842067
082259710745
082261102391
082261109903
082261109905
082261109923
082261109934
082261109937
082261109938
082261109943
082261109961
082261109964
082261109973
082261109975
082261109976
082261109980
082261109982
082261112374
082261112788
082261112817
082261112883
082261112967
082262483066
082271015660
082271198122
082271415677
082273608018
082278418181
082278689898
082280346749
082280862010
082284714962
082287006150
082289063827
082289370549
082290464468
082290498271
082290509495
082291616353
082292047090
082292079490
082292245411
082292245433
082292314345
082293669687
082294008195
082296030948
082298090724
082299970007
082307221666
082311173627
082311284843
082311813117
082311884417
082312446655
082315155551
08231844191
082318811116
082322225678
082326141616
082328444000
082330602071
082331354006
082331402694
082331432694
082333052573
082333573772
082335528313
0823357491130
082336034004
082336888866
082337830730
082338235158
082338444000
082346654084
082346691653
082348638922
082349290991
082350570297
082351327528
082352237589
082363532221
082367932381
082368556777
082371123839
082372126671
082374381400
082376263745
082376923038
082378222186
082378892719
082379444434
082380523278
082380584701
082392001550
082393145965
082393445725
082393531566
082393589911
08244027035
083110499159
083110971377
083111016499
083111304918
083116111168
083122883411
083123550369
083127250828
083132384751
083132384752
083132465819
083132478331
083132767274
083132913880
083132938202
083133057625
083133102888
083133342717
083133342731
083133344926
083133345534
083133615599
083133615600
083133615601
083133615627
083133615712
083133615717
083133615718
083133615722
083133615728
083133615752
083133615753
083133615768
083133615799
083133615800
083133615801
083133615803
083133615804
083133615842
083133615848
083133616020
083133616022
083133616205
083133616243
083133616245
083133616246
083133616247
083133616248
083133616250
083133616362
083133616363
083133616367
083133616432
083135089470
083135406573
083135566760
083135959995
083135961732
083137134824
083137153044
083137153045
083137174057
083137174062
083137338344
083137497225
083137497227
083137497277
083137521510
083137895218
083138151765
083138636910
083140194607
083140194608
083140751402
083143955350
083147904263
083148185621
083148185627
083150830064
083152296052
083152643459
083152643609
083152653609
083153757135
083163492532
083163866357
083163887457
08316610122
083166102888
083166102900
083166103122
083166103188
083166103888
083169476719
083171212953
08317153045
083172145048
083172155575
083172622390
083172622489
083172622490
083172622491
083172622492
083172622493
083172622494
083172622495
083172622496
083172622497
083173741903
083173741937
083173845047
083176599813
083176764600
083177063863
083177143093
083177177205
083177352269
083177439589
083177641448
083177998977
083178887696
083178907883
083180151857
083183137040
083184142163
083184142437
083184436057
083184595092
083184862370
083184862611
083185837798
083186508599
083186508886
083192339503
083192430728
083192444442
083192444448
083192444492
0833615718
083800458080
083803604255
083803604256
083803604257
083803604258
083803604259
083803604261
083803604262
083803604263
083803604264
083803604266
083804176774
083807621017
083809582080
083815234710
083815928791
083818839393
083821447990
083826136579
083826510681
083829651290
083833714000
083836471813
083837986374
083839741635
083841212088
083841212099
083841878447
083842613073
083845183975
083845556515
083845566206
083845812603
083849236706
083849387020
083850344133
083852794844
083854424068
083856038151
083857207838
083857770367
083867405064
083870239357
083870668305
083871576645
083873314000
083874867056
083879336895
083897766242
083899677363
083989365263
085211808588
085211808591
085211808600
085212297589
085213780606
085215111869
085215227911
085215555649
085215890395
085222303899
085222551555
085223947889
085227777728
085233739104
085233769378
085235692229
085236520559
085236987412
085238502288
085240369558
085242037496
085242139147
085242488489
085242812113
085243818313
085252145190
085256470467
085257350603
085257441315
085257645976
085259404194
085280810230
085294747027
085298460838
085298708090
085313894850
085314241663
085315709194
085318382946
085318907226
085320698734
085329097347
085330885634
085335976771
085337244477
085338534457
085340203072
085340503269
085340702626
085341739941
085341964234
085342324991
085342369837
085342668386
085342668410
085342668552
085342668601
085344139278
085348891998
085350004814
085351105678
085352498877
085357320723
085359515435
085361065110
085362310743
085374397108
085376430642
085378734159
085391078141
085394008194
085398299295
085399953277
085549067277
085604001797
085604316085
085604326435
08562626025
085640664960
085640681456
085648525052
085691560610
085692357988
085696232418
085705486248
085706222229
085712825874
085716080884
085730333376
085736890123
085750073879
085756211699
085761636713
085766952114
085776422447
085779207672
085779710777
085782490303
085782808499
085798805831
085811392984
085817123762
085823885518
085839980173
085840762961
085842146663
085847849617
085855557657
085877081464
085880047178
085885304865
085885716036
085886184113
085887714081
085892591600
085904274151
085904274441
085928020354
085928156483
085931992755
085932272746
085932835030
085941319979
085955111604
085959502230
085959633448
087700940944
087700941727
087700942188
087701828160
087701828348
087701828437
087701829467
087702501171
087702501190
087702768219
087704464723
087705742246
087711091843
087713860382
087715912340
087716225315
087731365067
087734409081
087748464637
087751044528
087760877032
087765212315
087765590424
087766998644
087770437668
087773932501
087773932507
087775529044
087776376173
087781449037
087794807040
087795496399
087796690111
087801304373
087801304395
087808111506
087810013649
087810071351
087810118902
087810159903
087810159909
087811531275
087811554447
087811556667
087811914773
087811914774
087811973379
087814999705
087815043617
087818333144
087818411392
087820017410
087840377400
087842011877
087845220182
087845282207
087845801262
087845801264
087848911733
087850318265
087851136842
087851210272
087851515805
087852792967
087861626984
087862449679
087865479684
087866778759
087866972479
087871414634
087877833963
087882129535
087882875561
087885302833
087886421704
087886974446
087887963575
087888111613
087888200412
087889878787
087897233308
087897757386
087897770744
087897771249
087897776798
087897798177
087897802473
087897802483
087897814652
087897875134
087897989470
087899515352
088227026557
08869746199
089504037800
089505105728
089505669176
089508149023
089520924228
089521724246
0895328729306
0895332097120
089535728003
0895357649151
0895360513199
089537180474
0895377771662
0895399793061
0895422154774
0895805396267
089601566958
0896138041777
089614765771
089622993933
089654944607
089661461161
089694860041
089694892588
089696768161
08975704777
85920791424
